1582

16 Apr.

47 30 30
47 35 0
47 53 0
47 52 30
48 10 40
48 11 0
49 74
49 74
50 1
50 0
50 52
51 7 30
51 8 0
51 23 0
51 38 45

’“ 53 36 30

53 49 0

’ 54 17 0

51 29 30
50 41 10
50 40 0

. 47 3 10

47 1 0
45 1 0
44 59 30
43 15 0
43 13 45
40 19 0

. 37 15 25

37 14 0
36 6 0
33 44 5
30 59 0

. 24 55 0

21 1 20
20 l 30
18 8 20
18 7 20

. 16 25 0

16 24 30
16 9 0
16 8 0
15 22 0

N N N NNNNNNN, NN N N N 1-ι1-ι ο-ιι-ιι-ιμι μισ-ι 1-· u·- μ· t·- ›-

59
59
59
57
54

52
52

52
50
45
45

52
52

2
6
10

16
22

24
26
33
42
46
47
49

51
51
51

47 32 29
47 36 59
47 54 59
47 54 29
48 12 39
48 12 59
49 9 27
49 9 37
50 2 54
50 1 54
50 53 52
51 9 22
51 9 52
51 24 52
51 40 35
53 38 15
53 50 45

51 31 22
50 43 2
50 41 52
47 5 12
47 3 2
45 3 6
45 1 36
43 17 10
43 15 55
40 21 16
37 17 47
37 16 22
36 8 24
33 46 31
31 1 33
24 57 42
21 4 6
20 4 17
18 11 9
18 10 9
16 27 51
16 27 21
16 11 51
16 10 51
15 24 51

ecl. Θ

13 25 29
13 29 59
13 47 59
13 47 29
14 5 39
14 5 59
15 2 27
15 2 37
15 55 54
15 54 54
16 46 52
17 2 22
17 2 52
17 17 52
17 33 35
19 31 15
19 43 45

17 24 22
16 36 2
16 34 52
12 58 12
12 56 2
10 56 6
10 54 36

...ap-a ..a
leoxu·

Ὀ

Όυῐὲῡ-*ὈΟᾼΟΟΟ

ΌωΟΝωωΦὉὈ

00

13 2 54
14 2 43
15 55 51
15 56 51
17 39 9
17 39 39
17 55 9
17 56 9
18 42 9

137

Ephemerides
nostrae dant

Long. Θ

5 41 273 5 40 173
5 55 03
6 49 353 6 38 203
6 48 33
7 43 423 7 36 223
7μϋ3
10 42 33 10 30 233
10 42 353
13 36 403 13 24 83
13 33 2015
16 30 423 16 17 353
17 25 493 17 15 183
17 27 03
18 20 463
1918 03
27 6 213

1813 43
19 10 463
26 51 463

28 1 303 27 49 193
29 49 423 29 51 0⁶3,
11 15 3952 1120 2052
14 7 og}

14 13 552
14 11 og)

25 40 39 25 46 152
25 46 30

1 31 51 1 33 56111)
1 36 6111)

6 23 38111) 6 24 33111)
6 27 3111)

14 918111)1411 7111)
21 59 17113 21 59 47111)
22 2 55 ·
24 54 35111) 24 56 5111)
0 51 27& 0 49 3εέ
7 47 1ορ 7 43 355—7„
23 34 og 23 36 33&
4 33 54111 4 36 44111
7 34 42111 7 37 34111
13 36 30111 13 39 52111
13 39 50111

19 38 30111 19 43 7111
19 40 23111
20 38 15111 20 43 47111

20 42 0111
23 41 4111 23 45 59111

 

18

