20 Apr. 48044⁴ οΗ

21

238

22 -—

49 2 30
49 21
49 38 45
49 56
50 14
50 30 45

“ 51 52

52 51 45
53 5 30
53 19 30

. 45 5

44 44
43 41
40 45 30

. 38 52

38 29
37 20
37 20 40
36 10
36 11
35 0 20
35 1
34 13 10
33 50
33 2 40
33 4
30 18 30
30 19
29 55 30
29 56
27 59 50

. 27 14

27 14 30
23 53 30
23 54 0
23 10 10
23 9 40
22 28 0
22 7 20
20 25 10
19 8 0
19 7 20
18 30

νβᾼι-ῥυιυιυιυτυὶυιυι

ΝΝΝΝΝΝΝν-*ν-ιμ-ιι-ιι-ιι-αμ-ιυ-ιν-ιιῗ
Νι-ιι-ιι-ι
&mmuh—0000*

ΝΝ
&ae

2 26
2 28
2 28
2 30
2 34
2 34

2 37
2 39

2 43
2 44
2 45
2 45
2 47
2 48

2 49

ooooooomssssaelexg

48045⁴57⁰
³ 49 4 27

49 22 57
49 40 39
49 57 54
50 15 54
50 32 37
51 53 50
52 53 33
53 7 18
53 21 18
45 7 6
44 46 6
43 43 8
40 47 44
38 54 18
38 31 19
37 22 22
37 23 0
36 12 24
36 13 24
35 2 46
35 3 26
34 15 38
33 52 28
33 5 10
33 6 30
30 21 4
30 21 34
29 58 4
29 58 34
28 2 27
27 16 39
27 17 9
23 56 13
23 56 43
23 12 54
23 12 24
22 30 45
22 9 5
20 27 57
19 10 48
19 10 8
18 32 49

¹ Ephemerides Stadij 21 42 ΠΙ).

14038’57”

14 57 27
15 15 57
15 33 39
15 50 54
16 8 54
16 25 37
17 46 50
18 46 33
19 0 18
19 14 18
11 0 6

ΝωΝυιΝυὶωωωωΝιρΝΝ ΝΡ-*ῌ

ΟἱΟΊνΙδνβωωῌὶ-ὈΦΟΦΝΝωωιΙῗ-νβ
v—woxoxoxoxoomoomoxasss-meooo

10 54 36
11 36 15
11 57 55
13 39 3
14 56 12
14 56 52

15 34 11 12 24 50 ὩῙ 12 24 45

9⁰27⁴ 8

10 26 8 10⁰16⁴22⁴⁴
11 25 8 11 14 19
12 23 ξὲ 12 12
13 20 8 13 10
14 20 8 14 8
15 17 8 15 6

20 7 8 19 55

23 58 8 23 45

24 55 ξῇ 24 43

25 53 8 25 40
1 21 1 20
2 19 π 2 18
5 13 m) 5 12
13 0 m) 12 59
17 53 m) 17 51
18 52 m) 18 49}

21 47³2 m) 21 452L

24 44 301117 24 42

24 42 om)

27 40 11]) 27 384

27 38 m)

29 382} 1η) 29 361
0 36} Q 0 35}
2 35 Q 2 33ὲ
2 32 Q
9 30 Q 9 28
9 29 Q
10 28} Q 10 27
10 274 Q
15 25} Q 15 24}
17 24Ξι Q 17 23ἶίι
17 23} Q

26 21 Q 26 21}

26 22 Q

28 222-12 28 21}

28 24 fere
0 21³ n1 0 21 36
1 24 m 1 21}
6 22 24 ‘m 6 22}

10 22 6 Ϊη 10 23 55

10 2413 m

 

23 33

24 31

1 19

21 43
24 38
27 34

9 22v

15 18
17 17

2613
28 12
1 11
6 11
1011

12 12

 

