Bss

1582

a Alt. Θ observ. Parall. Vera Alt.

240

25 21 45
25 45
27 39
28 0 15
28 48 15
29 11 30
29 10
29 33 30
29 57 30

. 30 2130

30 20 15
30 43

30 44

31 53 30
31 53 55
32 41 15
32 41 30
36 14 30
36 14 20
37 48

40 51 0
40 52 20
41 15 0
41 13 30
41 36 30
41 37 0

,4219 0

42 22 0
43 5

43 4}

44 31⁴}

44 304

45 33 0
45 33 15
45 52 50
45 53 30
46 13 Ο
46 15 Ο
46 32 30
46 35 0
46 54
47 14
47 15

   

25 24 25
25 47 40

28 50 15
29 14 0
29 12 30
29 36 0
30 0 0
30 24 0
30 22 45
30 45 30
30 46 30
31 56 0
31 56 25
32 43 45
32 44 0
36 16 54
36 16 44
37 50 20

41 17 14
41 15 44
41 38 42
41 39 12
42 21 12
42 24 12
43 7 10
43 640
44 33 21
44 32 26
45 35 4
45 35 19
45 54 54
45 55 34
4615 4
4617 4
46 34 32
46 37 2
46 56 2
47 15 59
47 16 59

0000
3ae

0²2⁸:

mN--v-*NNss-sn molta—⁶
ι-ι

ωΝΝῡ-*ὶ-*ΝΝωωνβωο-βιβιρνβζπ
ΌωωΟν-*Οῌᾼωκὶ-Ηρωῦὶ

δυ
ἕὲᾎ

ωὉωωΝῙΝΙΝΙΝΙ
oozzfflffloeg
ὃ

υἱ
ΞΞΕΞΕ

10 26 21
10 25 26
1128 4
112819
114754
114834
12 8 4
1210 4
12 27 32
12 30 2
12 49 2
13 859
13 959

1717 26V
1816 47v
1812 52V
191316v
1914 36V
21. 6 ov
2114 ov
23 919V
23 8 zv
27 5 SV
27 233V
aefflaev
29 59 9v
055 3

2134 )(
24 321ι )(
26 312} )(

21 5 58

23 2 56v
26 56 31v
29 51 23v

   
   
   
     
    
    
   
   
 

7 36 )(
13 36 28)(
14 36 7

16 36 Ξ
17 354 ¹
18 35 )(

2

5 24 48v
9 20 58v

1711 Z‘V'
18 942v

19 8 ZOV

o 49 37&
1 47 49³0*
2 45 595

344 7⁸5
44213&

     
  

¹ Adseriptum est: »Sed non erat satis corred'tum instrumentum. Vide locum Θ infra repetitum«.
² Adscriptum est: »Vide infra hune ΘΗ* locum ex debita aequatoris eleuatione«.

