 

1583 237
LOCA SOLIS.

Alt. merid.

obseruata

 

26Jan. 18⁰ 6‘ 0⁰ 2⁴49¹⁴ 18ο 8⁴49⁴¹ 150581111116015143⁴¹m 16013‘36‘¹ 15045⁴ 1603651
7Feb. 22 1 0 2 45 22 3 45 12 3 15 28 20 46 mx 28 19 58 27 52
22 145 22 4 30 12 2 30 28 22 57 w
22 —— 27 32 2 38 27 34 38 6 32 22 13 22 13 )-( 13 21 47 12 56
27 32 30 27 35 8 6 31 52 13 23 30 )(
2 Mart. 30 39 2 30 30 41 30 3 25 30 21 22 0 )( 21 19 40
30 38 15 30 40 45 3 26 15 21 20 0 )(
9 -- 33 24 0 230 33 26 30 040 30 281812 )(28 15 59
10 — 33 47 40 2 28 33 50 8 0 16 52 29 17 37 )-( 29 15 19 28 51
13- 345820 226 35 046 05346 215 7V 2134 149
3459 0 35126 05426 21647V
14 — 35 21 45 2 25 35 24 10 1 17 10 3 14 0 V
, 35 22 20 35 24 45 117 45 31527V 31216 249
16- 3690 224 361124 2424 51258V51035 447
36 830 361054 2354 51142V
24-— 3915 0 218 391718 5101813 530V13 21112410
39 15 30 39 17 48 5 10 48 13 6 49 V
26 - 40 1 0 216 40 316 5561615 4 5V14 59 45 14 39 1519
40145 404155711560V
27 —— 40 24 Ο 2 16 40 26 16 6 19 16 16 4 15 581}- 15 38 16 18
40 23 20 40 25 36 6 18 36 16 2
28- 4046 214 404814 641141710V171231639017170
40 46 40 40 48 54 6 41 54 17 2 39 V
31 — 41 52 50 2 12 41 55 2 7 48 2 19 57 V 19 53 19 34
41 54 41 56 12 7 49 12 19 59 35
ZApr. 42 37 30 2 10 42 39 40 8 32 40 21 55 21 21 50 21 31 22 9 ¹
4 — 43 21 2 10 43 23 10 9 16 10 23 53 V 23 28 23 47 24 6 ²
>5— 4342 2 8 4344 8 937 82450 V2446 2427 25 4 3
43 42 30 43 44 38 9 37 38 24 51
8 - 44 46 30 2 6 44 48 36 10 41 36 27 472} 27 41 27 22
44 46 44 48 6 10 41 6 27 46
’ἱ 9 - 45 7 30 2 6 45 9 36 11 2 36 28 46ὲ- V 28 39 28 21 128 57
, 45 8 0 4510 6113 62848 V
ι » 14 - 46 49 10 2 2 46 51 12 12 44 12 3 38ὲ 8 3 30 3 13 3 48
³ . 46 48 30 46 50 32 12 43 32 3 36 8
15- 479 22471121342 437 8428 412 446 Ι
Ἰ 47 745 47 947 13 247 433 8
216 — 47 28 2 2 47 30 2 13 23 2 534 8 526 510 543
18 — 48 645 159 48 844 14 144 73122- 8 722 22 7 7 739
19 — 48 25 30 l 59 48 27 29 14 20 29 8 29 8 8 20 23 8 5 8 37
157 48 46 27 14 39 27 929 8 918 23 9 3 935

ἱ’20-- 484430

¹ Adseriptum est: Pone locum Θ hoc die in 21 54 Y.
2 Adscriptum est: Pone locum Θ in 23 51 Y.
3 Adscriptum est: Locus Θ in 24 50 Y

 

