298 1584

Praecodens Maxima altitudo obseruata 70¹³ 4⁴ 15‘0

m Minima eiusdem altitudo 41 45 15
quadrato Diameter circuli circa polum 28 19 0
vrl'ae Distantia stellae a polo 14 9 30
minoris Hinc datur poli altitudo 55 54 45

 

 

sequentis in Altitudo maxima 72 36 45

vrl'a minore

 

Minima 39 12 30

quae est ᾗ Diameter circuli 33 24 15
in rotis Distantia a polo 16 42 7
eiusdem Prouenit poli altitudo 55 54 37

 

Si itaque collatis lingulis poli altitudinem aBumamus 55 54ἐ, infallibiliter
quo ad sensum aberrabim us.

LOCA SOLIS.

‘⁰¹1‘ 2012ae κῃ,

   

21 Feb. 27ο 4‘ 0⁴‘2139‘1 7⁰ 3⁴11¹¹ 12ο 1’40”

27 3 30 7 3 41 12 0⁷}
5Mart. 32 7 40 2 30 l 55 20 25 10 40 25 9 16)( 1 59 40 24 59
11-— 342950 227 02647 179 1626V 02227 05628 0552} V*
14— 354010 224 137 4 4 327 4 334V' 13244 35310 35255v
22 — 38 46 50 218 4 43 38 115512 1156 ZV 4 3918 1146 0 1145 30v
26 — 40 18 50 2 16 6 15 36 15 51 17 15 51 24v 6 11 16 15 42 55 15 41 ZV
27 — 40 41 30 2 14 6 38 14 16 50 18 16 50 9V 6 33 54 16 41 47 16 39 49v
lOApr. 45 43 45 2 4 114019 0 28 1 0 29 58 1135 59 0 20 57 019 428 ,
11- 46 415 2 412 049 12639 127208115629 11942 118 38 15
16—— 474310 159 13 39 39 617 34 618 98 133519 611 6 6 9178 ¹
17 — 48 2 0 159 13 58 29 714 453> 716148 13 54 9 7 8 26 7 7 268
20 - 48 58 0 1 57 14 54 27 10 8 48 10 10 158 14 50 7 10 2 44 10 1478 ᾗ
23 --· 49 51 55 1 54 15 48 19 13 2 53 13 4 08 15 43 59 12 57 7 12 55 558 ’
29 —— 51 32 0 1 51 17 28 21 18 48 23 18 50 488 17 24 1 18 43 0 18 43 258
30 —- 51 48 20 1 50 17 44 40 17 40 20
13Maij 54 44 50 1 42 20 41 2 2 16 50 2 16 43][ 20 36 42 2 12 15 2 11 15][
14- 54 56 0 142 205212 313 58 314 8][ 204752 3 930 3 8491
29 - 56 59 50 1 37 22 55 57 17 33 34 17 33 25][ 22 51 37 17 28 40 17 30 28][
11Julij 54 35 45 1 43 20 31 58 28 27 49 28 30 88 20 27 38 28 32 55 28 34 ΖΟΘ
28 — 50 31 10 1 53 16 27 33 14 45 33 14 45 31 16 23 13 14 51 7 14 52 ῙΖὲἒ)
14Aug. 451010 2 6 11 6 46 l 6 54 1 6 56 11 2 26 114 3 115 40
15- 4449302610466 2450 2454 104146 2123 21344 j
16—- 4428302710257 330 3254 102047 31024 31149
17- 447102810 348 4216 4056m> 95928 4911 4955 .
19- 432430 210 92110 5755 5574 91650 6538 6613
20- 4330210 85940 660 6551111Ῐξ 85520 7344 7426
21—- 424125 211 8386 7350 75320np 83346 8219 8241

22² υιυιυι

¹ Adscriptum est aliquoties: »Majon cc
² Adscriptum est aliquotieez »Minon cc

[²11²]

